A = [1 2; 3 2]
B = 5 / 2
C = 3 * (2 + 4 + 3) 
